area_of_difference_in_hectares = 347.37143015201286 ha

SRID=3857;MULTIPOLYGON(((-159307.96195456394 721046.4150106735,-159151.80301873008 721021.9630682927,-158995.83959260437 721058.6678167864,-158738.45994887504 721193.896042744,-158523.4703645541 721363.8976990998,-158277.7679824731 721456.6260903728,-158083.2535966589 721585.4157746044,-157888.7392108447 721739.9637824009,-157668.63082689708 721817.2379445292,-157361.5028492957 721734.8121753433,-157228.4140590018 721564.8094054415,-157207.93886049496 721302.0788559336,-157233.5328586284 721018.7433546475,-157073.89029527 720625.1347395261,-156680.70249894605 720318.1380152781,-159307.96195456394 721046.4150106735)),((-161117.4220753789 728417.4858358743,-161000.5783644566 727439.2706697132,-161526.2861955607 726545.329897834,-161117.4220753789 728417.4858358743)),((-159745.15720879074 730374.7187637531,-160236.56197295288 729728.9552914728,-160741.6168694529 729096.9386793525,-159745.15720879074 730374.7187637531)),((-153511.20575509258 729692.5132431288,-154657.81687147153 730207.7491197784,-155481.76587527274 730638.0641631674,-153511.20575509258 729692.5132431288)),((-151668.43788948358 726807.2798513614,-152487.4458297543 727611.0085336632,-152712.67301332872 728868.1457003856,-151668.43788948358 726807.2798513614)),((-151239.41849577503 725026.7848025751,-151602.85326927036 725490.4583503932,-151811.76427903093 726044.7786472553,-151668.43788948358 726807.2798513614,-151239.41849577503 725026.7848025751)),((-151947.51911080076 722866.4597918305,-151899.74364761787 723736.2468411768,-151534.60260758118 724377.6482446867,-151239.41849577503 725026.7848025751,-151947.51911080076 722866.4597918305)),((-154780.6680625121 720274.8334197022,-154001.86402764538 721300.361666809,-153425.14593637173 721770.8734345929,-153101.70178495726 722170.607592932,-152374.08574635818 722598.5715121246,-151947.51911080076 722866.4597918305,-154780.6680625121 720274.8334197022)))